from tectosaur.dense_integral_op import DenseIntegralOp
import numpy as np

pts = np.array([[0,0,0],[1,0,0],[0,1,0]], dtype = np.float64)
tris = np.array([[0,1,2]])
op = DenseIntegralOp([0.1], 15, 15, 10, 3, 10, 3.0, 'U', 1.0, 0.25, pts, tris)
A = op.mat.reshape((3,3,3,3))

data = [
0.00627743,
-0.00010931,
8.61569e-13,
0.00537344,
-8.73445e-05,
0.000245357,
0.00502987,
-8.73445e-05,
6.91567e-05,
-0.00010931,
0.00627743,
6.53942e-13,
-8.73445e-05,
0.00502987,
6.91567e-05,
-8.73445e-05,
0.00537344,
0.000245357,
8.61569e-13,
6.53942e-13,
0.00602593,
0.000245357,
6.91567e-05,
0.00478726,
6.91567e-05,
0.000245357,
0.00478726,
0.00537344,
-8.73445e-05,
-0.000245357,
0.00617234,
-0.000251347,
-5.2341e-13,
0.00484596,
-0.000324509,
-0.000149677,
-8.73445e-05,
0.00502987,
-6.91567e-05,
-0.000251347,
0.00596753,
2.48253e-13,
-0.000324509,
0.00484596,
0.000149677,
-0.000245357,
-6.91567e-05,
0.00478726,
-5.2341e-13,
2.48253e-13,
0.00581716,
-0.000149677,
0.000149677,
0.00445606,
0.00502987,
-8.73445e-05,
-6.91567e-05,
0.00484596,
-0.000324509,
0.000149677,
0.00596753,
-0.000251347,
7.19921e-14,
-8.73445e-05,
0.00537344,
-0.000245357,
-0.000324509,
0.00484596,
-0.000149677,
-0.000251347,
0.00617234,
-2.4481e-13,
-6.91567e-05,
-0.000245357,
0.00478726,
0.000149677,
-0.000149677,
0.00445606,
7.19921e-14,
-2.4481e-13,
0.00581716,
]
B = np.array(data).reshape((3,3,3,3))
print(A[0], B[0])
import ipdb; ipdb.set_trace()
